0.002 0.005 0.01 0.02 0.04 0.05 0.06 0.1 0.2 0.4 0.5 0.6 1 2 4 5 6 10 20 30 40 50
Red LED
1.52 1.56 1.6 1.63 1.66 1.67 1.67 1.69 1.72 1.75 1.76 1.76 1.78 1.82 1.85 1.87 1.88 1.91 1.97 2.01 2.04 2.06
Green LED
1.52 1.57 1.61 1.65 1.68 1.69 1.7 1.73 1.76 1.8 1.81 1.82 1.85 1.9 1.96 1.99 2.01 2.1 2.29 2.46 2.64 2.82
Blue LED
2.38 2.43 2.46 2.48 2.51 2.52 2.52 2.54 2.57 2.6 2.61 2.62 2.66 2.72 2.8 2.83 2.86 2.95 3.08 3.15 3.24 3.31
D1 Schottky BAT54
0.113 0.137 0.155 0.174 0.192 0.198 0.203 0.217 0.236 0.254 0.261 0.265 0.28 0.3 0.321 0.328 0.335 0.354 0.386 0.410 0.431 0.45
D2 Rectifying BYM10
0.316 0.349 0.374 0.4 0.426 0.435 0.442 0.463 0.493 0.525 0.536 0.545 0.57 0.603 0.637 0.648 0.657 0.681 0.714 0.733 0.746 0.757
D3 Pulse LL4148
0.305 0.351 0.384 0.417 0.449 0.459 0.468 0.491 0.524 0.557 0.568 0.577 0.603 0.64 0.679 0.692 0.703 0.736 0.786 0.817 0.842 0.861
D4 Zener TZMB2V7
0.539 0.567 0.587 0.607 0.626 0.632 0.637 0.651 0.669 0.688 0.694 0.699 0.713 0.731 0.751 0.757 0.762 0.778 0.801 0.816 0.828 0.837
